0 1.5 -1.5 -6 0 0 0 -0.62 0 0 0 0 0 1.0625 0 0 0 0 0 0.01875 0 0 0 0 0 0.790625 0 0 0 0 -0.19375 0.6875 0 -30 0 -10 0 -0.16875 0 0 0 0 0.19375 0.6875 0 0 0 0 0 -0.16875 0 0 0 0 -0.09375 -0.06875 0 0 0 0 0 -0.20625 0 0 0 0 0.09375 -0.06875 0 0 0 0 0 -0.20625 0 0 0 0 -1.62 1.2 0 0 0 0 0 0.475 0 0 0 0 -0.45 0.3125 0 0 0 0 0.45 0.3125 0 0 0 0 -0.1875 -0.325 0 0 0 0 0.1875 -0.325 0 0 0 0 1 0 
0 1.5 -1.5 -12 0 0 0 -0.44 0 0 0 0 0 1.0625 0 0 0 0 0 0.01875 0 0 0 0 0 0.790625 0 0 0 0 -0.19375 0.6875 0 -30 0 -10 0 -0.16875 0 0 0 0 0.19375 0.6875 0 0 0 0 0 -0.16875 0 0 0 0 -0.09375 -0.06875 0 0 0 0 0 -0.20625 0 0 0 0 0.09375 -0.06875 0 0 0 0 0 -0.20625 0 0 0 0 -1.62 1.2 0 0 0 0 0 0.475 0 0 0 0 -0.45 0.3125 0 0 0 0 0.45 0.3125 0 0 0 0 -0.1875 -0.325 0 0 0 0 0.1875 -0.325 0 0 0 0 1 0 
0 1.5 -1.5 -20 0 0 0 -0.2 0 0 0 0 0 1.0625 0 0 0 0 0 0.01875 0 0 0 0 0 0.790625 0 0 0 0 -0.19375 0.6875 0 -30 0 -10 0 -0.16875 0 0 0 0 0.19375 0.6875 0 0 0 0 0 -0.16875 0 0 0 0 -0.09375 -0.06875 0 0 0 0 0 -0.20625 0 0 0 0 0.09375 -0.06875 0 0 0 0 0 -0.20625 0 0 0 0 -1.62 1.2 0 0 0 0 0 0.475 0 0 0 0 -0.45 0.3125 0 0 0 0 0.45 0.3125 0 0 0 0 -0.1875 -0.325 0 0 0 0 0.1875 -0.325 0 0 0 0 1 0 
0 1.5 -1.5 -20 0 0 0 -0.2 0 0 0 0 0 1.0625 0 0 0 0 0 0.01875 0 0 0 0 0 0.790625 0 0 0 0 -0.19375 0.6875 0 -30 0 -10 0 -0.16875 0 0 0 0 0.19375 0.6875 0 0 0 0 0 -0.16875 0 0 0 0 -0.09375 -0.06875 0 0 0 0 0 -0.20625 0 0 0 0 0.09375 -0.06875 0 0 0 0 0 -0.20625 0 0 0 0 -1.62 1.2 0 0 0 0 0 0.475 0 0 0 0 -0.45 0.3125 0 0 0 0 0.45 0.3125 0 0 0 0 -0.1875 -0.325 0 0 0 0 0.1875 -0.325 0 0 0 0 1 1 
0 1.5 -1.5 -28 0 0 0 0.0399997 0 0 0 0 0 1.0625 0 0 0 0 0 0.01875 0 0 0 0 0 0.790625 0 0 0 0 -0.19375 0.6875 0 -30 0 -10 0 -0.16875 0 0 0 0 0.19375 0.6875 0 0 0 0 0 -0.16875 0 0 0 0 -0.09375 -0.06875 0 0 0 0 0 -0.20625 0 0 0 0 0.09375 -0.06875 0 0 0 0 0 -0.20625 0 0 0 0 -1.62 1.2 0 0 0 0 0 0.475 0 0 0 0 -0.45 0.3125 0 0 0 0 0.45 0.3125 0 0 0 0 -0.1875 -0.325 0 0 0 0 0.1875 -0.325 0 0 0 0 1 1 
0 1.5 -1.5 -36 0 0 0 0.28 0 0 0 0 0 1.0625 0 0 0 0 0 0.01875 0 0 0 0 0 0.790625 0 0 0 0 -0.19375 0.6875 0 -30 0 -10 0 -0.16875 0 0 0 0 0.19375 0.6875 0 0 0 0 0 -0.16875 0 0 0 0 -0.09375 -0.06875 0 0 0 0 0 -0.20625 0 0 0 0 0.09375 -0.06875 0 0 0 0 0 -0.20625 0 0 0 0 -1.62 1.2 0 0 0 0 0 0.475 0 0 0 0 -0.45 0.3125 0 0 0 0 0.45 0.3125 0 0 0 0 -0.1875 -0.325 0 0 0 0 0.1875 -0.325 0 0 0 0 1 1 
0 1.5 -1.5 -44 0 0 0 0.52 0 0 0 0 0 1.0625 0 0 0 0 0 0.01875 0 0 0 0 0 0.790625 0 0 0 0 -0.19375 0.6875 0 -30 0 -10 0 -0.16875 0 0 0 0 0.19375 0.6875 0 0 0 0 0 -0.16875 0 0 0 0 -0.09375 -0.06875 0 0 0 0 0 -0.20625 0 0 0 0 0.09375 -0.06875 0 0 0 0 0 -0.20625 0 0 0 0 -1.62 1.2 0 0 0 0 0 0.475 0 0 0 0 -0.45 0.3125 0 0 0 0 0.45 0.3125 0 0 0 0 -0.1875 -0.325 0 0 0 0 0.1875 -0.325 0 0 0 0 1 1 
0 1.5 -1.5 -52 0 0 0 0.759999 0 0 0 0 0 1.0625 0 0 0 0 0 0.01875 0 0 0 0 0 0.790625 0 0 0 0 -0.19375 0.6875 0 -30 0 -10 0 -0.16875 0 0 0 0 0.19375 0.6875 0 0 0 0 0 -0.16875 0 0 0 0 -0.09375 -0.06875 0 0 0 0 0 -0.20625 0 0 0 0 0.09375 -0.06875 0 0 0 0 0 -0.20625 0 0 0 0 -1.62 1.2 0 0 0 0 0 0.475 0 0 0 0 -0.45 0.3125 0 0 0 0 0.45 0.3125 0 0 0 0 -0.1875 -0.325 0 0 0 0 0.1875 -0.325 0 0 0 0 1 1 
0 1.5 -1.5 -60 0 0 0 0.999999 0 0 0 0 0 1.0625 0 0 0 0 0 0.01875 0 0 0 0 0 0.790625 0 0 0 0 -0.19375 0.6875 0 -30 0 -10 0 -0.16875 0 0 0 0 0.19375 0.6875 0 0 0 0 0 -0.16875 0 0 0 0 -0.09375 -0.06875 0 0 0 0 0 -0.20625 0 0 0 0 0.09375 -0.06875 0 0 0 0 0 -0.20625 0 0 0 0 -1.62 1.2 0 0 0 0 0 0.475 0 0 0 0 -0.45 0.3125 0 0 0 0 0.45 0.3125 0 0 0 0 -0.1875 -0.325 0 0 0 0 0.1875 -0.325 0 0 0 0 1 1 
0 1.5 -1.5 -68 0 0 0 1.24 0 0 0 0 0 1.0625 0 0 0 0 0 0.01875 0 0 0 0 0 0.790625 0 0 0 0 -0.19375 0.6875 0 -30 0 -10 0 -0.16875 0 0 0 0 0.19375 0.6875 0 0 0 0 0 -0.16875 0 0 0 0 -0.09375 -0.06875 0 0 0 0 0 -0.20625 0 0 0 0 0.09375 -0.06875 0 0 0 0 0 -0.20625 0 0 0 0 -1.62 1.2 0 0 0 0 0 0.475 0 0 0 0 -0.45 0.3125 0 0 0 0 0.45 0.3125 0 0 0 0 -0.1875 -0.325 0 0 0 0 0.1875 -0.325 0 0 0 0 1 1 
0 1.5 -1.5 -76 0 0 0 1.48 0 0 0 0 0 1.0625 0 0 0 0 0 0.01875 0 0 0 0 0 0.790625 0 0 0 0 -0.19375 0.6875 0 -30 0 -10 0 -0.16875 0 0 0 0 0.19375 0.6875 0 0 0 0 0 -0.16875 0 0 0 0 -0.09375 -0.06875 0 0 0 0 0 -0.20625 0 0 0 0 0.09375 -0.06875 0 0 0 0 0 -0.20625 0 0 0 0 -1.62 1.2 0 0 0 0 0 0.475 0 0 0 0 -0.45 0.3125 0 0 0 0 0.45 0.3125 0 0 0 0 -0.1875 -0.325 0 0 0 0 0.1875 -0.325 0 0 0 0 1 1 
0 1.5 -1.5 -76 0 0 0 1.48 0 0 0 0 0 1.0625 0 8 0 0 0 0.01875 0 0 0 0 0 0.790625 0 0 0 0 -0.19375 0.6875 0 -30 0 -10 0 -0.16875 0 0 0 0 0.19375 0.6875 0 0 0 0 0 -0.16875 0 0 0 0 -0.09375 -0.06875 0 0 0 0 0 -0.20625 0 0 0 0 0.09375 -0.06875 0 0 0 0 0 -0.20625 0 0 0 0 -1.62 1.2 0 8 0 0 0 0.475 0 0 0 0 -0.45 0.3125 0 0 0 0 0.45 0.3125 0 0 0 0 -0.1875 -0.325 0 0 0 0 0.1875 -0.325 0 0 0 0 1 1 
0 1.5 -1.5 -76 0 0 0 1.48 0 0 0 0 0 1.0625 0 16 0 0 0 0.01875 0 0 0 0 0 0.790625 0 0 0 0 -0.19375 0.6875 0 -30 0 -10 0 -0.16875 0 0 0 0 0.19375 0.6875 0 0 0 0 0 -0.16875 0 0 0 0 -0.09375 -0.06875 0 0 0 0 0 -0.20625 0 0 0 0 0.09375 -0.06875 0 0 0 0 0 -0.20625 0 0 0 0 -1.62 1.2 0 16 0 0 0 0.475 0 0 0 0 -0.45 0.3125 0 0 0 0 0.45 0.3125 0 0 0 0 -0.1875 -0.325 0 0 0 0 0.1875 -0.325 0 0 0 0 1 1 
0 1.5 -1.5 -76 0 0 0 1.48 0 0 0 0 0 1.0625 0 16 0 0 0 0.01875 0 0 0 0 0 0.790625 0 0 0 0 -0.19375 0.6875 0 -30 0 -10 0 -0.16875 0 0 0 0 0.19375 0.6875 0 0 0 0 0 -0.16875 0 0 0 0 -0.09375 -0.06875 0 0 0 0 0 -0.20625 0 0 0 0 0.09375 -0.06875 0 0 0 0 0 -0.20625 0 0 0 0 -1.62 1.2 0 16 0 0 0 0.475 0 0 0 0 -0.45 0.3125 0 0 0 0 0.45 0.3125 0 0 0 0 -0.1875 -0.325 0 0 0 0 0.1875 -0.325 0 0 0 0 1 1 
0 1.5 -1.5 -76 0 0 0 1.48 0 0 0 0 0 1.0625 0 8 0 0 0 0.01875 0 0 0 0 0 0.790625 0 0 0 0 -0.19375 0.6875 0 -30 0 -10 0 -0.16875 0 0 0 0 0.19375 0.6875 0 0 0 0 0 -0.16875 0 0 0 0 -0.09375 -0.06875 0 0 0 0 0 -0.20625 0 0 0 0 0.09375 -0.06875 0 0 0 0 0 -0.20625 0 0 0 0 -1.62 1.2 0 8 0 0 0 0.475 0 0 0 0 -0.45 0.3125 0 0 0 0 0.45 0.3125 0 0 0 0 -0.1875 -0.325 0 0 0 0 0.1875 -0.325 0 0 0 0 1 1 
0 1.5 -1.5 -76 0 0 0 1.48 0 0 0 0 0 1.0625 0 2 0 0 0 0.01875 0 0 0 0 0 0.790625 0 0 0 0 -0.19375 0.6875 0 -30 0 -10 0 -0.16875 0 0 0 0 0.19375 0.6875 0 0 0 0 0 -0.16875 0 0 0 0 -0.09375 -0.06875 0 0 0 0 0 -0.20625 0 0 0 0 0.09375 -0.06875 0 0 0 0 0 -0.20625 0 0 0 0 -1.62 1.2 0 2 0 0 0 0.475 0 0 0 0 -0.45 0.3125 0 0 0 0 0.45 0.3125 0 0 0 0 -0.1875 -0.325 0 0 0 0 0.1875 -0.325 0 0 0 0 1 1 
0 1.5 -1.5 -76 0 0 0 1.48 0 0 0 0 0 1.0625 0 2 -12 0 0 0.01875 0 0 0 0 0 0.790625 0 0 0 0 -0.19375 0.6875 0 -30 0 -10 0 -0.16875 0 0 0 0 0.19375 0.6875 0 0 0 0 0 -0.16875 0 0 0 0 -0.09375 -0.06875 0 0 0 0 0 -0.20625 0 0 0 0 0.09375 -0.06875 0 0 0 0 0 -0.20625 0 0 0 0 -1.62 1.2 0 2 8 0 0 0.475 0 0 0 0 -0.45 0.3125 0 0 0 0 0.45 0.3125 0 0 0 0 -0.1875 -0.325 0 0 0 0 0.1875 -0.325 0 0 0 0 1 1 
0 1.5 -1.5 -76 0 0 0 1.48 0 0 0 0 0 1.0625 0 2 -26 0 0 0.01875 0 0 0 0 0 0.790625 0 0 0 0 -0.19375 0.6875 0 -30 0 -10 0 -0.16875 0 0 0 0 0.19375 0.6875 0 0 0 0 0 -0.16875 0 0 0 0 -0.09375 -0.06875 0 0 0 0 0 -0.20625 0 0 0 0 0.09375 -0.06875 0 0 0 0 0 -0.20625 0 0 0 0 -1.62 1.2 0 2 16 0 0 0.475 0 0 0 0 -0.45 0.3125 0 0 0 0 0.45 0.3125 0 0 0 0 -0.1875 -0.325 0 0 0 0 0.1875 -0.325 0 0 0 0 1 1 
0 1.5 -1.5 -76 0 0 0 1.48 0 0 0 0 0 1.0625 0 2 -36 0 0 0.01875 0 0 0 0 0 0.790625 0 0 0 0 -0.19375 0.6875 0 -30 0 -10 0 -0.16875 0 0 0 0 0.19375 0.6875 0 0 0 0 0 -0.16875 0 0 0 0 -0.09375 -0.06875 0 0 0 0 0 -0.20625 0 0 0 0 0.09375 -0.06875 0 0 0 0 0 -0.20625 0 0 0 0 -1.62 1.2 0 2 26 0 0 0.475 0 0 0 0 -0.45 0.3125 0 0 0 0 0.45 0.3125 0 0 0 0 -0.1875 -0.325 0 0 0 0 0.1875 -0.325 0 0 0 0 1 1 
0 1.5 -1.5 -76 0 0 0 1.48 0 0 0 0 0 1.0625 0 2 -52 0 0 0.01875 0 0 0 0 0 0.790625 0 0 0 0 -0.19375 0.6875 0 -30 0 -10 0 -0.16875 0 0 0 0 0.19375 0.6875 0 0 0 0 0 -0.16875 0 0 0 0 -0.09375 -0.06875 0 0 0 0 0 -0.20625 0 0 0 0 0.09375 -0.06875 0 0 0 0 0 -0.20625 0 0 0 0 -1.62 1.2 0 2 36 0 0 0.475 0 0 0 0 -0.45 0.3125 0 0 0 0 0.45 0.3125 0 0 0 0 -0.1875 -0.325 0 0 0 0 0.1875 -0.325 0 0 0 0 1 1 
0 1.5 -1.5 -76 0 0 0 1.48 0 0 0 0 0 1.0625 0 2 -62 0 0 0.01875 0 0 0 0 0 0.790625 0 0 0 0 -0.19375 0.6875 0 -30 0 -10 0 -0.16875 0 0 0 0 0.19375 0.6875 0 0 0 0 0 -0.16875 0 0 0 0 -0.09375 -0.06875 0 0 0 0 0 -0.20625 0 0 0 0 0.09375 -0.06875 0 0 0 0 0 -0.20625 0 0 0 0 -1.62 1.2 0 2 46 0 0 0.475 0 0 0 0 -0.45 0.3125 0 0 0 0 0.45 0.3125 0 0 0 0 -0.1875 -0.325 0 0 0 0 0.1875 -0.325 0 0 0 0 1 1 
0 1.5 -1.5 -76 0 0 0 1.48 0 0 0 0 0 1.0625 0 2 -70 0 0 0.01875 0 0 0 0 0 0.790625 0 0 0 0 -0.19375 0.6875 0 -30 0 -10 0 -0.16875 0 0 0 0 0.19375 0.6875 0 0 0 0 0 -0.16875 0 0 0 0 -0.09375 -0.06875 0 0 0 0 0 -0.20625 0 0 0 0 0.09375 -0.06875 0 0 0 0 0 -0.20625 0 0 0 0 -1.62 1.2 0 2 52 0 0 0.475 0 0 0 0 -0.45 0.3125 0 0 0 0 0.45 0.3125 0 0 0 0 -0.1875 -0.325 0 0 0 0 0.1875 -0.325 0 0 0 0 1 1 
0 1.5 -1.5 -76 0 0 0 1.48 0 0 0 0 0 1.0625 0 2 -70 0 0 0.01875 0 0 0 0 0 0.790625 0 0 0 0 -0.19375 0.6875 0 -32 0 -10 0 -0.16875 0 0 0 0 0.19375 0.6875 0 -2 0 0 0 -0.16875 0 0 0 0 -0.09375 -0.06875 0 -10 0 0 0 -0.20625 0 0 0 0 0.09375 -0.06875 0 0 0 0 0 -0.20625 0 0 0 0 -1.62 1.2 0 2 52 0 0 0.475 0 0 0 0 -0.45 0.3125 0 0 0 0 0.45 0.3125 0 0 0 0 -0.1875 -0.325 0 0 0 0 0.1875 -0.325 0 0 0 0 1 1 
0 1.5 -1.5 -76 0 0 0 1.48 0 0 0 0 -0.06 1.0625 0 2 -70 0 0 0.01875 0 0 0 0 0 0.790625 0 0 0 0 -0.19375 0.6875 0 -32 0 -10 0 -0.16875 0 0 0 0 0.19375 0.6875 0 -2 0 0 0 -0.16875 0 0 0 0 -0.09375 -0.06875 0 2 0 0 0 -0.20625 0 0 0 0 0.09375 -0.06875 0 -14 0 0 0 -0.20625 0 0 0 0 -1.62 1.2 0 2 52 0 0 0.475 0 0 0 0 -0.45 0.3125 0 0 0 0 0.45 0.3125 0 0 0 0 -0.1875 -0.325 0 0 0 0 0.1875 -0.325 0 0 0 0 1 1 
0 1.5 -1.5 -76 0 0 0 1.48 0 0 0 0 -0.12 1.0625 0 2 -70 0 0 0.01875 0 0 0 0 0 0.790625 0 0 0 0 -0.19375 0.6875 0 -32 0 -10 0 -0.16875 0 0 0 0 0.19375 0.6875 0 -2 0 0 0 -0.16875 0 0 0 0 -0.09375 -0.06875 0 -8 0 0 0 -0.20625 0 0 0 0 0.09375 -0.06875 0 8 0 0 0 -0.20625 0 0 0 0 -1.62 1.2 0 2 52 0 0 0.475 0 0 0 0 -0.45 0.3125 0 0 0 0 0.45 0.3125 0 0 0 0 -0.1875 -0.325 0 0 0 0 0.1875 -0.325 0 0 0 0 1 1 
0 1.5 -1.5 -76 0 0 0 1.48 0 0 0 0 -0.24 1.0625 0 2 -70 0 0 0.01875 0 0 0 0 0 0.790625 0 0 0 0 -0.19375 0.6875 0 -32 0 -10 0 -0.16875 0 0 0 0 0.19375 0.6875 0 -2 0 0 0 -0.16875 0 0 0 0 -0.09375 -0.06875 0 8 0 0 0 -0.20625 0 0 0 0 0.09375 -0.06875 0 -20 0 0 0 -0.20625 0 0 0 0 -1.62 1.2 0 2 52 0 0 0.475 0 0 0 0 -0.45 0.3125 0 0 0 0 0.45 0.3125 0 0 0 0 -0.1875 -0.325 0 0 0 0 0.1875 -0.325 0 0 0 0 1 1 
0 1.5 -1.5 -76 0 0 0 1.48 0 0 0 0 -0.24 1.0625 0 2 -70 0 0 0.01875 0 0 0 0 0 0.790625 0 0 0 0 -0.19375 0.6875 0 -32 0 -10 0 -0.16875 0 0 0 0 0.19375 0.6875 0 -2 0 0 0 -0.16875 0 0 0 0 -0.09375 -0.06875 0 8 0 0 0 -0.20625 0 0 0 0 0.09375 -0.06875 0 -20 0 0 0 -0.20625 0 0 0 0 -1.56 1.2 0 2 52 0 0 0.475 0 0 0 0 -0.45 0.3125 0 0 0 0 0.45 0.3125 0 0 0 0 -0.1875 -0.325 0 0 0 0 0.1875 -0.325 0 0 0 0 1 1 
0 1.5 -1.5 -76 0 0 0 1.48 0 0 0 0 -0.36 1.0625 0 2 -70 0 0 0.01875 0 0 0 0 0 0.790625 0 0 0 0 -0.19375 0.6875 0 -32 0 -10 0 -0.16875 0 0 0 0 0.19375 0.6875 0 -2 0 0 0 -0.16875 0 0 0 0 -0.09375 -0.06875 0 -16 0 0 0 -0.20625 0 0 0 0 0.09375 -0.06875 0 6 0 0 0 -0.20625 0 0 0 0 -1.5 1.2 0 2 52 0 0 0.475 0 0 0 0 -0.45 0.3125 0 0 0 0 0.45 0.3125 0 0 0 0 -0.1875 -0.325 0 0 0 0 0.1875 -0.325 0 0 0 0 1 1 
0 1.5 -1.5 -76 0 0 0 1.48 0 0 0 0 -0.3 1.0625 0 0 -75 0 0 0.01875 0 0 0 0 0 0.790625 0 0 0 0 -0.19375 0.6875 0 -42 0 -10 0 -0.16875 0 0 0 0 0.19375 0.6875 0 -10 0 0 0 -0.16875 0 0 0 0 -0.09375 -0.06875 0 4 0 0 0 -0.20625 0 0 0 0 0.09375 -0.06875 0 -16 0 0 0 -0.20625 0 0 0 0 -1.32 1.2 0 -32 48 33 0 0.475 0 0 0 0 -0.45 0.3125 0 0 0 0 0.45 0.3125 0 0 0 0 -0.1875 -0.325 0 0 0 0 0.1875 -0.325 0 0 0 0 1 1 
0 1.5 -1.5 -76 0 0 0 1.48 0 0 0 0 -0.3 1.0625 0 0 -75 0 0 0.01875 0 0 0 0 0 0.790625 0 0 0 0 -0.19375 0.6875 0 -42 0 -10 0 -0.16875 0 0 0 0 0.19375 0.6875 0 -10 0 0 0 -0.16875 0 0 0 0 -0.09375 -0.06875 0 4 0 0 0 -0.20625 0 0 0 0 0.09375 -0.06875 0 -16 0 0 0 -0.20625 0 0 0 0 -1.38 1.2 0 -40 26 33 0 0.475 0 0 0 0 -0.45 0.3125 0 0 0 0 0.45 0.3125 0 0 0 0 -0.1875 -0.325 0 0 0 0 0.1875 -0.325 0 0 0 0 1 1 
0 1.5 -1.5 -76 0 0 0 1.48 0 0 0 0 -0.3 1.0625 0 0 -75 0 0 0.01875 0 0 0 0 0 0.790625 0 0 0 0 -0.19375 0.6875 0 -46 0 -10 0 -0.16875 0 0 0 0 0.19375 0.6875 0 -10 0 0 0 -0.16875 0 0 0 0 -0.09375 -0.06875 0 4 0 0 0 -0.20625 0 0 0 0 0.09375 -0.06875 0 -16 0 0 0 -0.20625 0 0 0 0 -1.44 1.2 0 -48 14 33 0 0.475 0 0 0 0 -0.45 0.3125 0 0 0 0 0.45 0.3125 0 0 0 0 -0.1875 -0.325 0 0 0 0 0.1875 -0.325 0 0 0 0 1 1 
0 1.5 -1.5 -76 0 0 0 1.48 0 0 0 0 -0.3 1.0625 0 0 -75 0 0 0.01875 0 0 0 0 0 0.790625 0 0 0 0 -0.19375 0.6875 0 -54 0 -10 0 -0.16875 0 0 0 0 0.19375 0.6875 0 -10 0 0 0 -0.16875 0 0 0 0 -0.09375 -0.06875 0 4 0 0 0 -0.20625 0 0 0 0 0.09375 -0.06875 0 -16 0 0 0 -0.20625 0 0 0 0 -1.5 1.2 0 -54 14 33 0 0.475 0 0 0 0 -0.45 0.3125 0 0 0 0 0.45 0.3125 0 0 0 0 -0.1875 -0.325 0 0 0 0 0.1875 -0.325 0 0 0 0 1 1 
0 1.5 -1.5 -76 0 0 0 1.48 0 0 0 0 -0.3 1.0625 0 0 -75 0 0 0.01875 0 0 0 0 0 0.790625 0 0 0 0 -0.19375 0.6875 0 -48 0 -10 0 -0.16875 0 0 0 0 0.19375 0.6875 0 -8 0 0 0 -0.16875 0 0 0 0 -0.09375 -0.06875 0 4 0 0 0 -0.20625 0 0 0 0 0.09375 -0.06875 0 0 0 0 0 -0.20625 0 0 0 0 -1.5 1.2 0 -44 14 33 0 0.475 0 0 0 0 -0.45 0.3125 0 0 0 0 0.45 0.3125 0 0 0 0 -0.1875 -0.325 0 0 0 0 0.1875 -0.325 0 0 0 0 1 1 
0 1.5 -1.5 -76 0 0 0 1.48 0 0 0 0 -0.3 1.0625 0 0 -75 0 0 0.01875 0 0 0 0 0 0.790625 0 0 0 0 -0.19375 0.6875 0 -48 0 -10 0 -0.16875 0 0 0 0 0.19375 0.6875 0 -8 0 0 0 -0.16875 0 0 0 0 -0.09375 -0.06875 0 4 0 0 0 -0.20625 0 0 0 0 0.09375 -0.06875 0 0 0 0 0 -0.20625 0 0 0 0 -1.5 1.2 0 -38 20 33 0 0.475 0 0 0 0 -0.45 0.3125 0 0 0 0 0.45 0.3125 0 0 0 0 -0.1875 -0.325 0 0 0 0 0.1875 -0.325 0 0 0 0 1 1 
0 1.5 -1.5 -76 0 0 0 1.48 0 0 0 0 -0.18 1.0625 0 0 -75 0 0 0.01875 0 0 0 0 0 0.790625 0 0 0 0 -0.19375 0.6875 0 -42 0 -10 0 -0.16875 0 0 0 0 0.19375 0.6875 0 -8 0 0 0 -0.16875 0 0 0 0 -0.09375 -0.06875 0 4 0 0 0 -0.20625 0 0 0 0 0.09375 -0.06875 0 0 0 0 0 -0.20625 0 0 0 0 -1.5 1.2 0 -30 32 33 0 0.475 0 0 0 0 -0.45 0.3125 0 0 0 0 0.45 0.3125 0 0 0 0 -0.1875 -0.325 0 0 0 0 0.1875 -0.325 0 0 0 0 1 1 
0 1.5 -1.5 -76 0 0 0 1.48 0 0 0 0 -0.18 1.0625 0 0 -75 0 0 0.01875 0 0 0 0 0 0.790625 0 0 0 0 -0.19375 0.6875 0 -38 0 -10 0 -0.16875 0 0 0 0 0.19375 0.6875 0 -8 0 0 0 -0.16875 0 0 0 0 -0.09375 -0.06875 0 4 0 0 0 -0.20625 0 0 0 0 0.09375 -0.06875 0 0 0 0 0 -0.20625 0 0 0 0 -1.5 1.2 0 -30 32 33 0 0.475 0 0 0 0 -0.45 0.3125 0 0 0 0 0.45 0.3125 0 0 0 0 -0.1875 -0.325 0 0 0 0 0.1875 -0.325 0 0 0 0 1 1 
0 1.5 -1.5 -76 0 0 0 1.48 0 0 0 0 -0.12 1.0625 0 0 -75 0 0 0.01875 0 0 0 0 0 0.790625 0 0 0 0 -0.19375 0.6875 0 -34 0 -10 0 -0.16875 0 0 0 0 0.19375 0.6875 0 -8 0 0 0 -0.16875 0 0 0 0 -0.09375 -0.06875 0 4 0 0 0 -0.20625 0 0 0 0 0.09375 -0.06875 0 0 0 0 0 -0.20625 0 0 0 0 -1.5 1.2 0 -22 54 27 0 0.475 0 0 0 0 -0.45 0.3125 0 0 0 0 0.45 0.3125 0 0 0 0 -0.1875 -0.325 0 0 0 0 0.1875 -0.325 0 0 0 0 1 1 
0 1.5 -1.5 -76 0 0 0 1.48 0 0 0 0 -0.12 1.0625 0 0 -75 0 0 0.01875 0 0 0 0 0 0.790625 0 0 0 0 -0.19375 0.6875 0 -34 0 -10 0 -0.16875 0 0 0 0 0.19375 0.6875 0 -8 0 0 0 -0.16875 0 0 0 0 -0.09375 -0.06875 0 4 0 0 0 -0.20625 0 0 0 0 0.09375 -0.06875 0 0 0 0 0 -0.20625 0 0 0 0 -1.5 1.2 0 -22 54 23 0 0.475 0 0 0 0 -0.45 0.3125 0 0 0 0 0.45 0.3125 0 0 0 0 -0.1875 -0.325 0 0 0 0 0.1875 -0.325 0 0 0 0 1 1 
0 1.5 -1.5 -76 0 0 0 1.48 0 0 0 0 -0.12 1.0625 0 0 -75 0 0 0.01875 0 0 0 0 0 0.790625 0 0 0 0 -0.19375 0.6875 0 -34 0 -10 0 -0.16875 0 0 0 0 0.19375 0.6875 0 -8 0 0 0 -0.16875 0 0 0 0 -0.09375 -0.06875 0 4 0 0 0 -0.20625 0 0 0 0 0.09375 -0.06875 0 0 0 0 0 -0.20625 0 0 0 0 -1.5 1.2 0 -22 54 19 0 0.475 0 0 0 0 -0.45 0.3125 0 0 0 0 0.45 0.3125 0 0 0 0 -0.1875 -0.325 0 0 0 0 0.1875 -0.325 0 0 0 0 1 1 
0 1.5 -1.5 -76 0 0 0 1.48 0 0 0 0 -0.06 1.0625 0 0 -75 0 0 0.01875 0 0 0 0 0 0.790625 0 0 0 0 -0.19375 0.6875 0 -34 0 -10 0 -0.16875 0 0 0 0 0.19375 0.6875 0 -8 0 0 0 -0.16875 0 0 0 0 -0.09375 -0.06875 0 4 0 0 0 -0.20625 0 0 0 0 0.09375 -0.06875 0 0 0 0 0 -0.20625 0 0 0 0 -1.44 1.2 0 -22 54 15 0 0.475 0 0 0 0 -0.45 0.3125 0 0 0 0 0.45 0.3125 0 0 0 0 -0.1875 -0.325 0 0 0 0 0.1875 -0.325 0 0 0 0 1 1 
0 1.5 -1.5 -76 0 0 0 1.48 0 0 0 0 -0.06 1.0625 0 0 -75 0 0 0.01875 0 0 0 0 0 0.790625 0 0 0 0 -0.19375 0.6875 0 -24 0 -10 0 -0.16875 0 0 0 0 0.19375 0.6875 0 -2 0 0 0 -0.16875 0 0 0 0 -0.09375 -0.06875 0 2 0 0 0 -0.20625 0 0 0 0 0.09375 -0.06875 0 0 0 0 0 -0.20625 0 0 0 0 -1.32 1.2 0 -22 54 15 0 0.475 0 0 0 0 -0.45 0.3125 0 -12 0 0 0.45 0.3125 0 -12 0 0 -0.1875 -0.325 0 0 0 0 0.1875 -0.325 0 0 0 0 1 1 
0 1.5 -1.5 -76 0 0 0 1.48 0 0 0 0 6.70552e-10 1.0625 0 0 -86 0 0 0.01875 0 0 0 0 0 0.790625 0 0 0 0 -0.19375 0.6875 0 -30 0 -10 0 -0.16875 0 0 0 0 0.19375 0.6875 0 0 0 0 0 -0.16875 0 0 0 0 -0.09375 -0.06875 0 0 0 0 0 -0.20625 0 0 0 0 0.09375 -0.06875 0 0 0 0 0 -0.20625 0 0 0 0 -1.32 1.2 0 0 59 0 0 0.475 0 0 0 0 -0.45 0.3125 0 -73 0 0 0.45 0.3125 0 -73 0 0 -0.1875 -0.325 0 0 0 0 0.1875 -0.325 0 0 0 0 1 1 
0 1.5 -1.5 -76 0 0 0 1.48 0 0 0 0 6.70552e-10 1.0625 0 0 -86 0 0 0.01875 0 0 0 0 0 0.790625 0 0 0 0 -0.19375 0.6875 0 -30 0 -10 0 -0.16875 0 0 0 0 0.19375 0.6875 0 0 0 0 0 -0.16875 0 0 0 0 -0.09375 -0.06875 0 0 0 0 0 -0.20625 0 0 0 0 0.09375 -0.06875 0 0 0 0 0 -0.20625 0 0 0 0 -1.26 1.2 0 42 43 -33 0 0.475 0 0 0 0 -0.45 0.3125 0 -73 0 0 0.45 0.3125 0 -77 0 0 -0.1875 -0.325 0 0 0 0 0.1875 -0.325 0 0 0 0 1 1 
0 1.5 -1.5 -76 0 0 0 1.48 0 0 0 0 6.70552e-10 1.0625 0 0 -86 0 0 0.01875 0 0 0 0 0 0.790625 0 0 0 0 -0.19375 0.6875 0 -30 0 -10 0 -0.16875 0 0 0 0 0.19375 0.6875 0 0 0 0 0 -0.16875 0 0 0 0 -0.09375 -0.06875 0 0 0 0 0 -0.20625 0 0 0 0 0.09375 -0.06875 0 0 0 0 0 -0.20625 0 0 0 0 -1.08 1.2 0 42 39 -33 0 0.475 0 0 0 0 -0.45 0.3125 0 -73 0 0 0.45 0.3125 0 -77 0 0 -0.1875 -0.325 0 0 0 0 0.1875 -0.325 0 0 0 0 1 1 
0 1.5 -1.5 -76 0 0 0 1.48 0 0 0 0 6.70552e-10 1.0625 0 0 -86 0 0 0.01875 0 0 0 0 0 0.790625 0 0 0 0 -0.19375 0.6875 0 -30 0 -10 0 -0.16875 0 0 0 0 0.19375 0.6875 0 0 0 0 0 -0.16875 0 0 0 0 -0.09375 -0.06875 0 0 0 0 0 -0.20625 0 0 0 0 0.09375 -0.06875 0 0 0 0 0 -0.20625 0 0 0 0 -1.02 1.2 0 42 39 -33 0 0.475 0 0 0 0 -0.45 0.3125 0 -110 0 0 0.45 0.3125 0 -119 0 0 -0.1875 -0.325 0 0 0 0 0.1875 -0.325 0 0 0 0 1 1 
0 1.5 -1.5 -76 0 0 0 1.48 0 0 0 0 6.70552e-10 1.0625 0 0 -86 0 0 0.01875 0 0 0 0 0 0.790625 0 0 0 0 -0.19375 0.6875 0 -30 0 -10 0 -0.16875 0 0 0 0 0.19375 0.6875 0 0 0 0 0 -0.16875 0 0 0 0 -0.09375 -0.06875 0 0 0 0 0 -0.20625 0 0 0 0 0.09375 -0.06875 0 0 0 0 0 -0.20625 0 0 0 0 -0.900001 1.2 0 42 39 -33 0 0.475 0 0 0 0 -0.45 0.3125 0 -110 0 0 0.45 0.3125 0 -123 0 0 -0.1875 -0.325 0 0 0 0 0.1875 -0.325 0 0 0 0 1 1 
0 1.5 -1.5 -76 0 0 0 1.48 0 0 0 0 0.06 1.0625 0 -6 -62 -24 0 0.01875 0 0 0 0 0 0.790625 0 0 0 0 -0.19375 0.6875 0 -30 0 -10 0 -0.16875 0 0 0 0 0.19375 0.6875 0 0 0 0 0 -0.16875 0 0 0 0 -0.09375 -0.06875 0 0 0 0 0 -0.20625 0 0 0 0 0.09375 -0.06875 0 0 0 0 0 -0.20625 0 0 0 0 -0.840001 1.2 0 42 39 -33 0 0.475 0 0 0 0 -0.45 0.3125 0 -110 0 0 0.45 0.3125 0 -123 0 0 -0.1875 -0.325 0 0 0 0 0.1875 -0.325 0 0 0 0 1 1
0 1.5 -1.5 -77 0 0 0 1.51 0 0 0 0 0.18 1.0625 0 0 -64 0 0 0.01875 0 -10 0 0 0 0.790625 0 0 0 0 -0.19375 0.6875 0 -30 0 -10 0 -0.16875 0 0 0 0 0.19375 0.6875 0 0 0 0 0 -0.16875 0 0 0 0 -0.09375 -0.06875 0 0 0 0 0 -0.20625 0 0 0 0 0.09375 -0.06875 0 0 0 0 0 -0.20625 0 0 0 0 -0.840001 1.2 0 40 44 -47 0 0.475 0 0 0 0 -0.45 0.3125 0 -114 0 0 0.45 0.3125 0 -120 0 0 -0.1875 -0.325 0 0 0 0 0.1875 -0.325 0 0 0 0 1 0 
0 1.5 -1.5 -77 0 0 0 1.51 0 0 0 0 0.18 1.0625 0 -2 -47 0 0 0.01875 0 -2 0 0 0 0.790625 0 0 0 0 -0.19375 0.6875 0 -30 0 -10 0 -0.16875 0 0 0 0 0.19375 0.6875 0 0 0 0 0 -0.16875 0 0 0 0 -0.09375 -0.06875 0 0 0 0 0 -0.20625 0 0 0 0 0.09375 -0.06875 0 0 0 0 0 -0.20625 0 0 0 0 -0.840001 1.2 0 11 10 -23 0 0.475 0 0 0 0 -0.45 0.3125 0 -114 0 0 0.45 0.3125 0 -120 0 0 -0.1875 -0.325 0 0 0 0 0.1875 -0.325 0 0 0 0 1 0 
0 1.5 -1.5 -77 0 0 0 1.51 0 0 0 0 0.18 1.0625 0 2 -8 0 0 0.01875 0 -2 0 0 0 0.790625 0 0 0 0 -0.19375 0.6875 0 -30 0 -10 0 -0.16875 0 0 0 0 0.19375 0.6875 0 0 0 0 0 -0.16875 0 0 0 0 -0.09375 -0.06875 0 0 0 0 0 -0.20625 0 0 0 0 0.09375 -0.06875 0 0 0 0 0 -0.20625 0 0 0 0 -0.840001 1.2 0 1 2 -1 0 0.475 0 0 0 0 -0.45 0.3125 0 -114 0 0 0.45 0.3125 0 -120 0 0 -0.1875 -0.325 0 0 0 0 0.1875 -0.325 0 0 0 0 1 0 
0 1.5 -1.5 -77 0 0 0 1.51 0 0 0 0 0.18 1.0625 0 2 -8 0 0 0.01875 0 12 0 0 0 0.790625 0 0 0 0 -0.19375 0.6875 0 -30 0 -10 0 -0.16875 0 0 0 0 0.19375 0.6875 0 0 0 0 0 -0.16875 0 0 0 0 -0.09375 -0.06875 0 0 0 0 0 -0.20625 0 0 0 0 0.09375 -0.06875 0 0 0 0 0 -0.20625 0 0 0 0 -0.840001 1.2 0 15 2 -1 0 0.475 0 0 0 0 -0.45 0.3125 0 -114 0 0 0.45 0.3125 0 -120 0 0 -0.1875 -0.325 0 0 0 0 0.1875 -0.325 0 0 0 0 1 0 
0 1.5 -1.5 -77 0 0 0 1.51 0 0 0 0 0.18 1.0625 0 2 -8 0 0 0.01875 0 38 0 0 0 0.790625 0 0 0 0 -0.19375 0.6875 0 -30 0 -10 0 -0.16875 0 0 0 0 0.19375 0.6875 0 0 0 0 0 -0.16875 0 0 0 0 -0.09375 -0.06875 0 0 0 0 0 -0.20625 0 0 0 0 0.09375 -0.06875 0 0 0 0 0 -0.20625 0 0 0 0 -0.840001 1.2 0 39 2 -1 0 0.475 0 0 0 0 -0.45 0.3125 0 -114 0 0 0.45 0.3125 0 -120 0 0 -0.1875 -0.325 0 0 0 0 0.1875 -0.325 0 0 0 0 1 0 
0 1.5 -1.5 -77 0 0 0 1.51 0 0 0 0 0.18 1.0625 0 2 -8 0 0 0.01875 0 38 0 0 0 0.790625 0 0 0 0 -0.19375 0.6875 0 -30 0 -10 0 -0.16875 0 0 0 0 0.19375 0.6875 0 0 0 0 0 -0.16875 0 0 0 0 -0.09375 -0.06875 0 0 0 0 0 -0.20625 0 0 0 0 0.09375 -0.06875 0 0 0 0 0 -0.20625 0 0 0 0 -0.840001 1.2 0 -1 2 -1 0 0.475 0 0 0 0 -0.45 0.3125 0 -114 0 0 0.45 0.3125 0 -120 0 0 -0.1875 -0.325 0 0 0 0 0.1875 -0.325 0 0 0 0 1 0 
0 1.5 -1.5 -77 0 0 0 1.51 0 0 0 0 0.18 1.0625 0 2 -8 0 0 0.01875 0 -1 0 0 0 0.790625 0 0 0 0 -0.19375 0.6875 0 -30 0 -10 0 -0.16875 0 0 0 0 0.19375 0.6875 0 0 0 0 0 -0.16875 0 0 0 0 -0.09375 -0.06875 0 0 0 0 0 -0.20625 0 0 0 0 0.09375 -0.06875 0 0 0 0 0 -0.20625 0 0 0 0 -0.840001 1.2 0 -1 2 -1 0 0.475 0 0 0 0 -0.45 0.3125 0 -114 0 0 0.45 0.3125 0 -120 0 0 -0.1875 -0.325 0 0 0 0 0.1875 -0.325 0 0 0 0 1 0 
0 1.5 -1.5 -77 0 0 0 1.51 0 0 0 0 0.06 1.0625 0 2 -8 0 0 0.01875 0 -1 0 0 0 0.790625 0 0 0 0 -0.19375 0.6875 0 -100 0 -10 0 -0.16875 0 0 0 0 0.19375 0.6875 0 0 0 0 0 -0.16875 0 0 0 0 -0.09375 -0.06875 0 0 0 0 0 -0.20625 0 0 0 0 0.09375 -0.06875 0 0 0 0 0 -0.20625 0 0 0 0 -1.02 1.2 0 -1 2 -1 0 0.475 0 0 0 0 -0.45 0.3125 0 -180 0 0 0.45 0.3125 0 -174 0 0 -0.1875 -0.325 0 0 0 0 0.1875 -0.325 0 0 0 0 1 1 
0 1.5 -1.5 -77 0 0 0 1.51 0 0 0 0 -0.12 1.0625 0 2 -8 0 0 0.01875 0 -1 0 0 0 0.790625 0 0 0 0 -0.19375 0.6875 0 -90 6 14 0 -0.16875 0 0 0 0 0.19375 0.6875 0 -35 0 0 0 -0.16875 0 0 0 0 -0.09375 -0.06875 0 0 0 0 0 -0.20625 0 0 0 0 0.09375 -0.06875 0 0 0 0 0 -0.20625 0 0 0 0 -1.38 1.2 0 -1 2 -1 0 0.475 0 0 0 0 -0.45 0.3125 0 -145 0 0 0.45 0.3125 0 -180 0 0 -0.1875 -0.325 0 0 0 0 0.1875 -0.325 0 0 0 0 1 1 
0 1.5 -1.5 -73 0 0 0 1.39 0 0 0 0 -0.93 1.0625 0 0 0 0 0 0.01875 0 4 0 0 0 0.790625 0 0 0 0 -0.19375 0.6875 0 -127 0 2 0 -0.16875 0 0 0 0 0.19375 0.6875 0 -45 0 0 0 -0.16875 0 0 0 0 -0.09375 -0.06875 0 0 0 0 0 -0.20625 0 0 0 0 0.09375 -0.06875 0 0 0 0 0 -0.20625 0 0 0 0 -1.86 1.2 0 0 0 0 0 0.475 0 0 0 0 -0.45 0.3125 0 -180 0 0 0.45 0.3125 0 -120 0 0 -0.1875 -0.325 0 0 0 0 0.1875 -0.325 0 0 0 0 1 1 
0 1.5 -1.5 -73 0 0 0 1.39 0 0 0 0 -0.51 1.0625 0 0 0 0 0 0.01875 0 4 0 0 0 0.790625 0 0 0 0 -0.19375 0.6875 0 -86 0 2 0 -0.16875 0 0 0 0 0.19375 0.6875 0 -96 0 0 0 -0.16875 0 0 0 0 -0.09375 -0.06875 0 0 0 0 0 -0.20625 0 0 0 0 0.09375 -0.06875 0 0 0 0 0 -0.20625 0 0 0 0 -1.62 1.2 0 0 0 0 0 0.475 0 0 0 0 -0.45 0.3125 0 -95 0 30 0.45 0.3125 0 -91 0 -21 -0.1875 -0.325 0 0 0 0 0.1875 -0.325 0 0 0 0 1 1 
0 1.5 -1.5 -73 0 0 0 1.39 0 0 0 0 -0.21 1.0625 0 0 0 0 0 0.01875 0 4 0 0 0 0.790625 0 0 0 0 -0.19375 0.6875 0 -46 0 2 0 -0.16875 0 0 0 0 0.19375 0.6875 0 -96 0 0 0 -0.16875 0 0 0 0 -0.09375 -0.06875 0 13 0 0 0 -0.20625 0 0 0 0 0.09375 -0.06875 0 -6 0 0 0 -0.20625 0 0 0 0 -1.38 1.2 0 0 0 0 0 0.475 0 0 0 0 -0.45 0.3125 0 -95 0 -45 0.45 0.3125 0 -87 0 45 -0.1875 -0.325 0 0 0 0 0.1875 -0.325 0 0 0 0 1 1 
0 1.5 -1.5 -73 0 0 0 1.39 0 0 0 0 -0.21 1.0625 0 0 0 0 0 0.01875 0 4 0 0 0 0.790625 0 0 0 0 -0.19375 0.6875 0 -47 0 2 0 -0.16875 0 0 0 0 0.19375 0.6875 0 -20 0 0 0 -0.16875 0 0 0 0 -0.09375 -0.06875 0 5 0 -2 0 -0.20625 0 0 0 0 0.09375 -0.06875 0 2 0 0 0 -0.20625 0 0 0 0 -1.38 1.2 0 0 0 0 0 0.475 0 0 0 0 -0.45 0.3125 0 -9 0 8 0.45 0.3125 0 -5 0 1 -0.1875 -0.325 0 0 0 0 0.1875 -0.325 0 0 0 0 1 1 
0 1.5 -1.5 -73 0 0 0 1.39 0 0 0 0 -0.21 1.0625 0 0 0 0 0 0.01875 0 28 0 0 0 0.790625 0 0 0 0 -0.19375 0.6875 0 -47 0 2 0 -0.16875 0 0 0 0 0.19375 0.6875 0 -20 0 0 0 -0.16875 0 0 0 0 -0.09375 -0.06875 0 5 0 -2 0 -0.20625 0 0 0 0 0.09375 -0.06875 0 2 0 0 0 -0.20625 0 0 0 0 -1.38 1.2 0 24 0 0 0 0.475 0 0 0 0 -0.45 0.3125 0 -9 0 8 0.45 0.3125 0 -5 0 1 -0.1875 -0.325 0 0 0 0 0.1875 -0.325 0 0 0 0 1 1 
0 1.5 -1.5 -73 0 0 0 1.39 0 0 0 0 -0.21 1.0625 0 0 0 0 0 0.01875 0 55 0 0 0 0.790625 0 0 0 0 -0.19375 0.6875 0 -47 0 2 0 -0.16875 0 0 0 0 0.19375 0.6875 0 -20 0 0 0 -0.16875 0 0 0 0 -0.09375 -0.06875 0 5 0 -2 0 -0.20625 0 0 0 0 0.09375 -0.06875 0 2 0 0 0 -0.20625 0 0 0 0 -1.38 1.2 0 37 0 0 0 0.475 0 0 0 0 -0.45 0.3125 0 -9 0 8 0.45 0.3125 0 -5 0 1 -0.1875 -0.325 0 0 0 0 0.1875 -0.325 0 0 0 0 1 1 
0 1.5 -1.5 -73 0 0 0 1.39 0 0 0 0 -0.21 1.0625 0 0 0 0 0 0.01875 0 10 0 0 0 0.790625 0 0 0 0 -0.19375 0.6875 0 -47 0 2 0 -0.16875 0 0 0 0 0.19375 0.6875 0 -20 0 0 0 -0.16875 0 0 0 0 -0.09375 -0.06875 0 5 0 -2 0 -0.20625 0 0 0 0 0.09375 -0.06875 0 2 0 0 0 -0.20625 0 0 0 0 -1.38 1.2 0 -4 0 0 0 0.475 0 0 0 0 -0.45 0.3125 0 -9 0 8 0.45 0.3125 0 -5 0 1 -0.1875 -0.325 0 0 0 0 0.1875 -0.325 0 0 0 0 1 1 
0 1.5 -1.5 -73 0 0 0 1.39 0 0 0 0 -0.21 1.0625 0 0 0 0 0 0.01875 0 10 0 0 0 0.790625 0 0 0 0 -0.19375 0.6875 0 -47 0 2 0 -0.16875 0 0 0 0 0.19375 0.6875 0 -20 0 0 0 -0.16875 0 0 0 0 -0.09375 -0.06875 0 5 0 -2 0 -0.20625 0 0 0 0 0.09375 -0.06875 0 2 0 0 0 -0.20625 0 0 0 0 -1.38 1.2 0 -4 0 0 0 0.475 0 0 0 0 -0.45 0.3125 0 -9 0 8 0.45 0.3125 0 -5 0 1 -0.1875 -0.325 0 0 0 0 0.1875 -0.325 0 0 0 0 1 0 
0 1.5 -1.5 0 0 0 0 -0.8 0 0 0 0 0 1.0625 0 0 0 0 0 0.01875 0 0 0 0 0 0.790625 0 0 0 0 -0.19375 0.6875 0 -30 0 -10 0 -0.16875 0 0 0 0 0.19375 0.6875 0 0 0 0 0 -0.16875 0 0 0 0 -0.09375 -0.06875 0 0 0 0 0 -0.20625 0 0 0 0 0.09375 -0.06875 0 0 0 0 0 -0.20625 0 0 0 0 -1.56 1.2 0 0 0 0 0 0.475 0 0 0 0 -0.45 0.3125 0 0 0 0 0.45 0.3125 0 0 0 0 -0.1875 -0.325 0 0 0 0 0.1875 -0.325 0 0 0 0 1 0 
0 1.5 -1.5 0 0 0 0 -0.8 0 0 0 0 0 1.0625 0 0 0 0 0 0.01875 0 0 0 0 0 0.790625 0 0 0 0 -0.19375 0.6875 0 -30 0 -10 0 -0.16875 0 0 0 0 0.19375 0.6875 0 0 0 0 0 -0.16875 0 0 0 0 -0.09375 -0.06875 0 0 0 0 0 -0.20625 0 0 0 0 0.09375 -0.06875 0 0 0 0 0 -0.20625 0 0 0 0 -1.5 1.2 0 0 0 0 0 0.475 0 0 0 0 -0.45 0.3125 0 0 0 0 0.45 0.3125 0 0 0 0 -0.1875 -0.325 0 0 0 0 0.1875 -0.325 0 0 0 0 1 0 
0 1.5 -1.5 0 0 0 0 -0.8 0 0 0 0 0 1.0625 0 0 0 0 0 0.01875 0 0 0 0 0 0.790625 0 0 0 0 -0.19375 0.6875 0 -30 0 -10 0 -0.16875 0 0 0 0 0.19375 0.6875 0 0 0 0 0 -0.16875 0 0 0 0 -0.09375 -0.06875 0 0 0 0 0 -0.20625 0 0 0 0 0.09375 -0.06875 0 0 0 0 0 -0.20625 0 0 0 0 -1.5 1.2 0 0 0 0 0 0.475 0 0 0 0 -0.45 0.3125 0 0 0 0 0.45 0.3125 0 0 0 0 -0.1875 -0.325 0 0 0 0 0.1875 -0.325 0 0 0 0 1 0 
